inf
inf
inf
inf
inf
inf
inf
3.067514419555664062e+00
3.005856513977050781e+00
3.007975101470947266e+00
2.024886131286621094e+00
1.965961575508117676e+00
1.948480606079101562e+00
1.943685054779052734e+00
1.944261193275451660e+00
1.949460029602050781e+00
1.950255632400512695e+00
2.005228996276855469e+00
inf
inf
inf
9.743368029594421387e-01
9.529809355735778809e-01
9.392353296279907227e-01
9.209004044532775879e-01
9.105450510978698730e-01
9.198225736618041992e-01
9.027367830276489258e-01
8.845996856689453125e-01
9.005773067474365234e-01
9.029980301856994629e-01
9.187895655632019043e-01
9.241119027137756348e-01
9.117754101753234863e-01
9.436677098274230957e-01
9.767482280731201172e-01
1.001772046089172363e+00
2.440017938613891602e+00
2.433627367019653320e+00
2.432516813278198242e+00
2.474471092224121094e+00
2.485534429550170898e+00
inf
inf
inf
inf
inf
inf
inf
inf
inf
inf
inf
inf
inf
inf
1.762225508689880371e+00
1.736757397651672363e+00
1.701055526733398438e+00
1.701334834098815918e+00
1.708183407783508301e+00
1.701546669006347656e+00
1.698950886726379395e+00
1.752521276473999023e+00
1.773970365524291992e+00
3.332513093948364258e+00
3.325448513031005859e+00
3.308862924575805664e+00
3.285238027572631836e+00
3.248030185699462891e+00
3.242857694625854492e+00
3.190201997756958008e+00
3.199913263320922852e+00
3.103577136993408203e+00
2.876927375793457031e+00
2.695690155029296875e+00
2.573389530181884766e+00
2.558155059814453125e+00
2.550534009933471680e+00
2.537315607070922852e+00
2.549647569656372070e+00
2.523185729980468750e+00
2.527040719985961914e+00
2.519969940185546875e+00
2.508288145065307617e+00
2.429641962051391602e+00
2.333778619766235352e+00
2.255763769149780273e+00
2.190110445022583008e+00
2.123855590820312500e+00
2.055519342422485352e+00
1.992433547973632812e+00
1.936883568763732910e+00
1.874915242195129395e+00
1.834238409996032715e+00
1.807234764099121094e+00
1.768642663955688477e+00
1.717616796493530273e+00
1.684121608734130859e+00
1.638908028602600098e+00
1.607288002967834473e+00
1.570098161697387695e+00
1.541032671928405762e+00
1.520956993103027344e+00
1.496736526489257812e+00
1.445438027381896973e+00
1.429697036743164062e+00
1.405270814895629883e+00
1.392911314964294434e+00
1.359799981117248535e+00
1.356899142265319824e+00
1.339290499687194824e+00
1.320737481117248535e+00
1.304335951805114746e+00
1.256563782691955566e+00
1.233380913734436035e+00
1.226678967475891113e+00
1.236111521720886230e+00
1.229111671447753906e+00
1.189798831939697266e+00
1.198890447616577148e+00
1.169733881950378418e+00
1.176680326461791992e+00
1.159933090209960938e+00
1.146483778953552246e+00
1.114875316619873047e+00
1.125458598136901855e+00
1.120715022087097168e+00
1.114467382431030273e+00
1.116369009017944336e+00
1.095356702804565430e+00
1.090274333953857422e+00
1.089039921760559082e+00
1.063933730125427246e+00
1.088193774223327637e+00
1.076970696449279785e+00
1.092736721038818359e+00
1.063070893287658691e+00
1.057528495788574219e+00
1.059740781784057617e+00
1.055943846702575684e+00
1.039774417877197266e+00
1.046663880348205566e+00
1.040244460105895996e+00
1.009016633033752441e+00
1.054246783256530762e+00
1.046119451522827148e+00
1.035276293754577637e+00
1.050761222839355469e+00
1.036600112915039062e+00
1.034343123435974121e+00
1.042017340660095215e+00
9.962805509567260742e-01
9.779275655746459961e-01
9.386342167854309082e-01
9.165806770324707031e-01
9.163970351219177246e-01
8.663716912269592285e-01
8.603566884994506836e-01
8.314760327339172363e-01
8.263912796974182129e-01
8.176780343055725098e-01
8.006518483161926270e-01
7.508415579795837402e-01
7.913215756416320801e-01
7.517138719558715820e-01
7.270576357841491699e-01
7.409902215003967285e-01
6.964062452316284180e-01
7.035821080207824707e-01
7.084286212921142578e-01
6.975527405738830566e-01
6.866205334663391113e-01
6.595445871353149414e-01
6.766340732574462891e-01
6.486390829086303711e-01
6.511646509170532227e-01
6.336380243301391602e-01
6.249247193336486816e-01
6.137272715568542480e-01
6.093322038650512695e-01
6.060180664062500000e-01
5.870245099067687988e-01
5.883415341377258301e-01
5.925920605659484863e-01
5.865195393562316895e-01
5.847827196121215820e-01
5.811344385147094727e-01
5.940539836883544922e-01
5.590699911117553711e-01
5.668410062789916992e-01
5.750953555107116699e-01
5.788007974624633789e-01
5.722973942756652832e-01
5.630396008491516113e-01
5.433202981948852539e-01
5.520567893981933594e-01
5.552149415016174316e-01
5.580915808677673340e-01
5.236212611198425293e-01
5.425201058387756348e-01
5.520008802413940430e-01
5.341126918792724609e-01
5.367246866226196289e-01
5.320940017700195312e-01
5.297037363052368164e-01
5.258719325065612793e-01
5.396379828453063965e-01
5.535116791725158691e-01
5.320671200752258301e-01
5.294160842895507812e-01
5.197253823280334473e-01
5.323275923728942871e-01
5.429888963699340820e-01
5.261963009834289551e-01
5.426164269447326660e-01
5.377305150032043457e-01
5.574921369552612305e-01
5.300525426864624023e-01
5.400003790855407715e-01
5.618910789489746094e-01
5.555715560913085938e-01
5.400026440620422363e-01
5.568041801452636719e-01
5.536827445030212402e-01
5.683571696281433105e-01
5.705729722976684570e-01
5.679095387458801270e-01
5.600067973136901855e-01
5.756534337997436523e-01
5.679612159729003906e-01
5.861722230911254883e-01
5.721645951271057129e-01
5.893834233283996582e-01
5.936939120292663574e-01
6.074083447456359863e-01
5.978589057922363281e-01
5.891341567039489746e-01
6.077216267585754395e-01
6.000029444694519043e-01
6.271215081214904785e-01
6.332964301109313965e-01
6.076362729072570801e-01
6.660565733909606934e-01
6.334081888198852539e-01
6.402959227561950684e-01
6.679010987281799316e-01
6.826580762863159180e-01
6.802023053169250488e-01
7.079253196716308594e-01
7.020139694213867188e-01
7.002871632575988770e-01
7.394793629646301270e-01
7.356501817703247070e-01
7.533039450645446777e-01
7.672060132026672363e-01
7.800756096839904785e-01
7.890651226043701172e-01
8.045257329940795898e-01
8.229922056198120117e-01
8.644623160362243652e-01
8.603936433792114258e-01
8.889147639274597168e-01
9.008667469024658203e-01
9.201175570487976074e-01
9.529860019683837891e-01
9.754496812820434570e-01
9.967020750045776367e-01
1.033982157707214355e+00
1.074143886566162109e+00
1.090242147445678711e+00
1.108356237411499023e+00
1.150243520736694336e+00
1.204104185104370117e+00
1.230453848838806152e+00
1.307558655738830566e+00
1.333719134330749512e+00
1.421277403831481934e+00
1.488518118858337402e+00
1.536719083786010742e+00
1.532868623733520508e+00
1.515673518180847168e+00
1.551241636276245117e+00
1.537151575088500977e+00
1.548666357994079590e+00
1.568635702133178711e+00
1.576955914497375488e+00
1.584080338478088379e+00
1.589518547058105469e+00
1.601851463317871094e+00
1.620093464851379395e+00
1.622143864631652832e+00
1.618537664413452148e+00
1.856524586677551270e+00
2.203282594680786133e+00
2.266972541809082031e+00
2.295899629592895508e+00
2.303908586502075195e+00
2.327176332473754883e+00
2.338819026947021484e+00
2.371793270111083984e+00
2.405241727828979492e+00
2.436429262161254883e+00
2.431340456008911133e+00
2.465810537338256836e+00
2.509997844696044922e+00
2.556233406066894531e+00
2.581753730773925781e+00
2.602219104766845703e+00
2.635040760040283203e+00
2.693289041519165039e+00
2.717052698135375977e+00
2.764087438583374023e+00
2.828152179718017578e+00
2.866269350051879883e+00
2.912147045135498047e+00
2.985541820526123047e+00
3.030854940414428711e+00
3.095484256744384766e+00
1.042515993118286133e+00
1.003987312316894531e+00
1.004593729972839355e+00
9.769451618194580078e-01
9.666869640350341797e-01
9.526971578598022461e-01
9.556522369384765625e-01
9.321622848510742188e-01
9.458011388778686523e-01
9.703165292739868164e-01
9.638847112655639648e-01
9.628264904022216797e-01
9.858824014663696289e-01
9.960266947746276855e-01
1.008805394172668457e+00
1.073148369789123535e+00
inf
inf
inf
inf
2.035498142242431641e+00
2.008286476135253906e+00
1.986539006233215332e+00
1.960558533668518066e+00
1.965314388275146484e+00
1.968198537826538086e+00
1.998260617256164551e+00
2.027542591094970703e+00
3.045099496841430664e+00
3.039649724960327148e+00
3.035336017608642578e+00
3.068691492080688477e+00
3.169517993927001953e+00
inf
inf
inf
inf
inf
inf
inf
inf
